-2.816882705688476562e+01 -4.613758087158203125e+01 -4.397002792358398438e+01 -4.316278076171875000e+01 -3.895690917968750000e+01 -3.849244308471679688e+01 -3.816268920898437500e+01 -3.810643768310546875e+01 -3.808882141113281250e+01 -3.808829116821289062e+01 -3.809172439575195312e+01 -3.809100341796875000e+01 -3.809009552001953125e+01 -3.804505157470703125e+01 -3.762216186523437500e+01 -3.645547103881835938e+01 -3.090921783447265625e+01 -1.415805816650390625e+01 -9.060490608215332031e+00 1.550736713409423828e+01
-1.075055923461914062e+02 -1.643408508300781250e+02 -2.025301361083984375e+02 -2.157964630126953125e+02 -2.145324707031250000e+02 -2.148630828857421875e+02 -2.148608093261718750e+02 -2.148142395019531250e+02 -2.148099975585937500e+02 -2.148174896240234375e+02 -2.148356628417968750e+02 -2.148991851806640625e+02 -2.149836730957031250e+02 -2.151008148193359375e+02 -2.144555816650390625e+02 -2.113052062988281250e+02 -2.038712158203125000e+02 -1.719550933837890625e+02 -1.675860290527343750e+02 -9.268144989013671875e+01
-1.278038406372070312e+02 -1.647688751220703125e+02 -2.086358184814453125e+02 -2.235065917968750000e+02 -2.240251312255859375e+02 -2.243095703125000000e+02 -2.242233276367187500e+02 -2.241884765625000000e+02 -2.242009429931640625e+02 -2.242312316894531250e+02 -2.243223114013671875e+02 -2.245497589111328125e+02 -2.250606994628906250e+02 -2.258469238281250000e+02 -2.263065795898437500e+02 -2.233356170654296875e+02 -2.140530700683593750e+02 -1.702874450683593750e+02 -1.536886596679687500e+02 -7.324656677246093750e+01
-1.285406341552734375e+02 -1.646630401611328125e+02 -2.160479431152343750e+02 -2.322962799072265625e+02 -2.343924865722656250e+02 -2.350704498291015625e+02 -2.351789093017578125e+02 -2.351853942871093750e+02 -2.352078247070312500e+02 -2.352966461181640625e+02 -2.355560455322265625e+02 -2.362924804687500000e+02 -2.380170745849609375e+02 -2.410533599853515625e+02 -2.448162994384765625e+02 -2.451382904052734375e+02 -2.396153869628906250e+02 -1.956499328613281250e+02 -1.758179168701171875e+02 -7.403688049316406250e+01
-1.303029327392578125e+02 -1.657975463867187500e+02 -2.206772308349609375e+02 -2.380073242187500000e+02 -2.410519561767578125e+02 -2.420160217285156250e+02 -2.422047119140625000e+02 -2.422257843017578125e+02 -2.422941436767578125e+02 -2.425123748779296875e+02 -2.432541961669921875e+02 -2.454783172607421875e+02 -2.505746459960937500e+02 -2.589251708984375000e+02 -2.745742797851562500e+02 -2.963066406250000000e+02 -3.098567810058593750e+02 -2.562450256347656250e+02 -2.262153930664062500e+02 -7.435841369628906250e+01
-1.310279998779296875e+02 -1.657442932128906250e+02 -2.204608612060546875e+02 -2.381801452636718750e+02 -2.413959045410156250e+02 -2.424035949707031250e+02 -2.426296386718750000e+02 -2.426808166503906250e+02 -2.428260498046875000e+02 -2.433548889160156250e+02 -2.452608489990234375e+02 -2.507227325439453125e+02 -2.636239013671875000e+02 -2.885674743652343750e+02 -3.424377746582031250e+02 -4.068038024902343750e+02 -4.657279052734375000e+02 -4.203553466796875000e+02 -3.763019104003906250e+02 -1.341028289794921875e+02
-1.311467437744140625e+02 -1.658397674560546875e+02 -2.207599792480468750e+02 -2.383920135498046875e+02 -2.415622253417968750e+02 -2.425292053222656250e+02 -2.427883911132812500e+02 -2.428976440429687500e+02 -2.431813507080078125e+02 -2.442531890869140625e+02 -2.482950744628906250e+02 -2.604696044921875000e+02 -2.881098022460937500e+02 -3.510785217285156250e+02 -4.688643493652343750e+02 -5.943882446289062500e+02 -7.269993896484375000e+02 -6.833084106445312500e+02 -6.029542236328125000e+02 -2.552616882324218750e+02
-1.312210540771484375e+02 -1.658973999023437500e+02 -2.207801513671875000e+02 -2.383614044189453125e+02 -2.415399475097656250e+02 -2.424819946289062500e+02 -2.427650299072265625e+02 -2.429187927246093750e+02 -2.433936920166015625e+02 -2.454257812500000000e+02 -2.530196533203125000e+02 -2.754725646972656250e+02 -3.296632080078125000e+02 -4.467893676757812500e+02 -6.425840454101562500e+02 -8.364674072265625000e+02 -1.017360290527343750e+03 -8.894945678710937500e+02 -8.117754516601562500e+02 -3.617870178222656250e+02
-1.312393341064453125e+02 -1.659053344726562500e+02 -2.207821044921875000e+02 -2.383796234130859375e+02 -2.415574951171875000e+02 -2.424975891113281250e+02 -2.427866210937500000e+02 -2.429919738769531250e+02 -2.437199096679687500e+02 -2.469663238525390625e+02 -2.591409912109375000e+02 -2.939873046875000000e+02 -3.812754516601562500e+02 -5.612086791992187500e+02 -8.223576049804687500e+02 -1.019859619140625000e+03 -1.187009277343750000e+03 -1.031424682617187500e+03 -1.290428588867187500e+03 -6.469879150390625000e+02
-1.312422180175781250e+02 -1.659056396484375000e+02 -2.207839508056640625e+02 -2.383792724609375000e+02 -2.415565032958984375e+02 -2.424991302490234375e+02 -2.427944488525390625e+02 -2.430382690429687500e+02 -2.440009918212890625e+02 -2.484118804931640625e+02 -2.651013488769531250e+02 -3.138923950195312500e+02 -4.308115234375000000e+02 -6.492672729492187500e+02 -9.118089599609375000e+02 -1.050085815429687500e+03 -1.305688354492187500e+03 -1.263944458007812500e+03 -1.635686523437500000e+03 -1.000180664062500000e+03
-1.312427520751953125e+02 -1.659051361083984375e+02 -2.207820281982421875e+02 -2.383770599365234375e+02 -2.415551605224609375e+02 -2.424977722167968750e+02 -2.427966766357421875e+02 -2.430710754394531250e+02 -2.441750488281250000e+02 -2.492641448974609375e+02 -2.694639892578125000e+02 -3.268576660156250000e+02 -4.620141906738281250e+02 -6.749010009765625000e+02 -9.042407226562500000e+02 -1.005397705078125000e+03 -1.403779541015625000e+03 -1.365270629882812500e+03 -1.749150390625000000e+03 -1.151862792968750000e+03
-1.312418975830078125e+02 -1.659028625488281250e+02 -2.207790985107421875e+02 -2.383751678466796875e+02 -2.415569610595703125e+02 -2.425013122558593750e+02 -2.428034362792968750e+02 -2.430829772949218750e+02 -2.443059692382812500e+02 -2.496582489013671875e+02 -2.704551391601562500e+02 -3.289175720214843750e+02 -4.611271972656250000e+02 -6.524454345703125000e+02 -8.125054931640625000e+02 -9.397850341796875000e+02 -1.211285156250000000e+03 -1.122714599609375000e+03 -1.640660766601562500e+03 -1.322955322265625000e+03
-1.312488250732421875e+02 -1.659093322753906250e+02 -2.208008422851562500e+02 -2.383816070556640625e+02 -2.415736694335937500e+02 -2.425229797363281250e+02 -2.428246459960937500e+02 -2.430787811279296875e+02 -2.442568511962890625e+02 -2.494188537597656250e+02 -2.681334228515625000e+02 -3.206468811035156250e+02 -4.373475341796875000e+02 -6.056400756835937500e+02 -7.115141601562500000e+02 -6.952800903320312500e+02 -1.011983032226562500e+03 -9.357233276367187500e+02 -1.041092163085937500e+03 -1.051940551757812500e+03
-1.312501831054687500e+02 -1.659169158935546875e+02 -2.208641052246093750e+02 -2.384615020751953125e+02 -2.416510620117187500e+02 -2.426331787109375000e+02 -2.429229736328125000e+02 -2.431468353271484375e+02 -2.441088104248046875e+02 -2.484118499755859375e+02 -2.635882873535156250e+02 -3.054632263183593750e+02 -3.966042480468750000e+02 -5.339485473632812500e+02 -6.539452514648437500e+02 -5.444222412109375000e+02 -4.771328430175781250e+02 -7.320105590820312500e+02 -1.128161621093750000e+03 -8.769658813476562500e+02
-1.312052154541015625e+02 -1.659827270507812500e+02 -2.209375152587890625e+02 -2.385966491699218750e+02 -2.419410095214843750e+02 -2.430215148925781250e+02 -2.433014221191406250e+02 -2.434926757812500000e+02 -2.442084808349609375e+02 -2.473501739501953125e+02 -2.584263305664062500e+02 -2.882843933105468750e+02 -3.523962402343750000e+02 -4.459597778320312500e+02 -5.479135131835937500e+02 -5.632059326171875000e+02 -3.309555053710937500e+02 -1.637665405273437500e+02 -5.778031616210937500e+02 -6.296727294921875000e+02
-1.303143005371093750e+02 -1.646701507568359375e+02 -2.195019989013671875e+02 -2.374576263427734375e+02 -2.413402404785156250e+02 -2.424301910400390625e+02 -2.427688446044921875e+02 -2.429512481689453125e+02 -2.434642639160156250e+02 -2.455097045898437500e+02 -2.526058197021484375e+02 -2.717833557128906250e+02 -3.127872619628906250e+02 -3.730498352050781250e+02 -4.164952697753906250e+02 -4.659044189453125000e+02 -4.226264648437500000e+02 -2.857801818847656250e+02 -1.096507720947265625e+02 -1.089476928710937500e+02
-1.291095886230468750e+02 -1.648622589111328125e+02 -2.214202575683593750e+02 -2.390733642578125000e+02 -2.439745788574218750e+02 -2.450131072998046875e+02 -2.453308258056640625e+02 -2.454990844726562500e+02 -2.458177185058593750e+02 -2.470281066894531250e+02 -2.510149688720703125e+02 -2.611910400390625000e+02 -2.827754821777343750e+02 -3.187694702148437500e+02 -3.428641357421875000e+02 -3.320229492187500000e+02 -3.085834960937500000e+02 -2.567284545898437500e+02 -1.829631652832031250e+02 -1.807014770507812500e+02
-1.144485092163085938e+02 -1.493919219970703125e+02 -2.074016113281250000e+02 -2.245963134765625000e+02 -2.313204498291015625e+02 -2.324826660156250000e+02 -2.327303009033203125e+02 -2.328347320556640625e+02 -2.330071258544921875e+02 -2.336369476318359375e+02 -2.355320587158203125e+02 -2.402274322509765625e+02 -2.492935638427734375e+02 -2.639421997070312500e+02 -2.818319702148437500e+02 -2.804033508300781250e+02 -2.586583251953125000e+02 -2.097432250976562500e+02 -1.783077850341796875e+02 -1.652199401855468750e+02
-4.748720169067382812e+01 -7.022962188720703125e+01 -1.277676162719726562e+02 -1.448608703613281250e+02 -1.510834808349609375e+02 -1.526049957275390625e+02 -1.527487945556640625e+02 -1.528393402099609375e+02 -1.529215087890625000e+02 -1.531943969726562500e+02 -1.539796600341796875e+02 -1.558034820556640625e+02 -1.591899566650390625e+02 -1.632573242187500000e+02 -1.672670745849609375e+02 -1.642195281982421875e+02 -1.508786468505859375e+02 -1.118007583618164062e+02 -1.003755874633789062e+02 -1.123109588623046875e+02
-2.735462951660156250e+01 -4.700271224975585938e+01 -9.514727783203125000e+01 -1.094761428833007812e+02 -1.148615798950195312e+02 -1.160211105346679688e+02 -1.164090270996093750e+02 -1.165075836181640625e+02 -1.165428237915039062e+02 -1.166523666381835938e+02 -1.169456863403320312e+02 -1.175177383422851562e+02 -1.183385848999023438e+02 -1.192842712402343750e+02 -1.197155532836914062e+02 -1.169670639038085938e+02 -1.117902450561523438e+02 -8.540162658691406250e+01 -1.022671890258789062e+02 -1.097864990234375000e+02
